the 1644 1 0.0615892 0.0615892
and 872 2 0.0326677 0.0653355
to 729 3 0.0273105 0.0819316
a 632 4 0.0236766 0.0947065
she 541 5 0.0202675 0.101337
it 530 6 0.0198554 0.119132
of 514 7 0.019256 0.134792
said 462 8 0.0173079 0.138463
i 410 9 0.0153598 0.138238
alice 386 10 0.0144607 0.144607
in 369 11 0.0138238 0.152062
you 365 12 0.013674 0.164088
was 357 13 0.0133743 0.173866
that 280 14 0.0104896 0.146855
as 263 15 0.00985277 0.147792
her 248 16 0.00929083 0.148653
at 212 17 0.00794216 0.135017
on 193 18 0.00723036 0.130146
all 182 19 0.00681827 0.129547
with 181 20 0.0067808 0.135616
had 178 21 0.00666841 0.140037
but 170 22 0.00636871 0.140112
for 153 23 0.00573184 0.131832
so 151 24 0.00565691 0.135766
be 148 25 0.00554452 0.138613
first 51 93 0.00191061 0.177687
from 36 127 0.00134867 0.171281
found 32 142 0.00119882 0.170232
felt 23 187 0.000861649 0.161128
find 21 198 0.000786723 0.155771
feet 19 208 0.000711797 0.148054
face 15 248 0.000561945 0.139362
footman 13 294 0.000487019 0.143184
far 13 295 0.000487019 0.143671
finished 12 317 0.000449556 0.142509
foot 10 379 0.00037463 0.141985
fan 10 380 0.00037463 0.142359
few 9 408 0.000337167 0.137564
four 8 460 0.000299704 0.137864
followed 8 461 0.000299704 0.138164
five 8 462 0.000299704 0.138463
fish 8 463 0.000299704 0.138763
feel 8 464 0.000299704 0.139063
fact 8 465 0.000299704 0.139362
frightened 7 527 0.000262241 0.138201
fetch 7 528 0.000262241 0.138463
feeling 7 529 0.000262241 0.138726
fancy 7 530 0.000262241 0.138988
fall 7 531 0.000262241 0.13925
full 6 587 0.000224778 0.131945
Total Words = 26693
Total Unique Words = 2632
